M = 19.2, 11.5, 130.1, 1150, 0.12, 0.28, 0.31, 0.15, 0.25, 0.08, 1.1, 0.91, 8.6, 155, 0.006, 0.05, 0.055, 0.016, 0.031, 0.006, 26.0, 18.0, 190.0, 2050, 0.17, 0.7, 0.75, 0.27, 0.47, 0.12

B = 12.45, 15.7, 82.57, 477.1, 0.1278, 0.17, 0.1578, 0.08089, 0.2087, 0.07613, 0.3345, 0.8902, 2.217, 27.19, 0.00751, 0.03345, 0.03672, 0.01137, 0.02165, 0.005082, 15.47, 23.75, 103.4, 741.6, 0.1791, 0.5249, 0.5355, 0.1741, 0.3985, 0.1244